5,2,4,1,5,3


0,1,2,3,4,5

length = 5
skipSize = 0

[0],1,2,3,4,5

([0],1,2,3,4),5

([4],3,2,1,0),5

[4],3,2,1,0,5

4,3,2,1,0,[5]

length = 2
skipSize = 1

4),3,2,1,0,([5]

5),3,2,1,0,([4]

5,3,2,1,0,[4]

5,3,[2],1,0,4

length = 4
skipSize = 2

5,3,[2],1,0,4

5,3,([2],1,0,4)

5,3,([4],0,1,2)

5,3,[4],0,1,2

5,3,[4],0,1,2 // stayed the same

length = 1
skipSize = 3

5,3,[4],0,1,2

5,3,([4]),0,1,2

5,3,[4],0,1,2

[5],3,4,0,1,2

length = 5
skipSize = 4

[5],3,4,0,1,2

([5],3,4,0,1),2

([1],0,4,3,5),2

[1],0,4,3,5,2

1,0,4,[3],5,2

length = 3
skipSize = 5

1,0,4,[3],5,2

1,0,4,([3],5,2)

1,0,4,([2],5,3)

1,0,4,[2],5,3

1,0,4,2,5,[3]

1,0,4,2,5,3

1 * 0 = 0